7125026835162861568
7125026835162861569
7125026835167055872
7125026835167055873
7125026835167055874
7125026835167055875
7125026835167055876
7125026835167055877
7125026835167055878
7125026835167055879
7125026835167055880
7125026835167055881
7125026835167055882
7125026835167055883
7125026835167055884
7125026835167055885
7125026835167055886
7125026835167055887
7125026835167055888
7125026835167055889
7125026835167055890
7125026835167055891
7125026835167055892
7125026835167055893
7125026835167055894
7125026835167055895
7125026835167055896
7125026835167055897
7125026835167055898
7125026835167055899
7125026835167055900
7125026835167055901
7125026835167055902
7125026835167055903
7125026835167055904
7125026835167055905
7125026835167055906
7125026835167055907
7125026835167055908
7125026835167055909
7125026835167055910
7125026835167055911
7125026835167055912
7125026835167055913
7125026835167055914
7125026835167055915
7125026835167055916
7125026835167055917
7125026835167055918
7125026835167055919
7125026835167055920
7125026835167055921
7125026835167055922
7125026835167055923
7125026835167055924
7125026835167055925
7125026835167055926
7125026835167055927
7125026835167055928
7125026835167055929
7125026835167055930
7125026835167055931
7125026835167055932
7125026835167055933
7125026835167055934
7125026835167055935
7125026835167055936
7125026835167055937
7125026835167055938
7125026835167055939
7125026835167055940
7125026835167055941
7125026835167055942
7125026835167055943
7125026835167055944
7125026835167055945
7125026835167055946
7125026835167055947
7125026835167055948
7125026835167055949
7125026835167055950
7125026835167055951
7125026835167055952
7125026835167055953
7125026835167055954
7125026835167055955
7125026835167055956
7125026835167055957
7125026835167055958
7125026835167055959
7125026835167055960
7125026835171250176
7125026835171250177
7125026835171250178
7125026835171250179
7125026835171250180
7125026835171250181
7125026835171250182
7125026835171250183
7125026835171250184
7125026835171250185
7125026835171250186
7125026835171250187
7125026835171250188
7125026835171250189
7125026835171250190
7125026835171250191
7125026835171250192
7125026835171250193
7125026835171250194
7125026835171250195
7125026835171250196
7125026835171250197
7125026835171250198
7125026835171250199
7125026835171250200
7125026835171250201
7125026835171250202
7125026835171250203
7125026835171250204
7125026835171250205
7125026835171250206
7125026835171250207
7125026835171250208
7125026835171250209
7125026835171250210
7125026835171250211
7125026835171250212
7125026835175444480
7125026835175444481
7125026835175444482
7125026835175444483
7125026835175444484
7125026835175444485
7125026835175444486
7125026835175444487
7125026835175444488
7125026835175444489
7125026835175444490
7125026835175444491
7125026835175444492
7125026835175444493
7125026835175444494
7125026835175444495
7125026835175444496
7125026835175444497
7125026835175444498
7125026835175444499
7125026835175444500
7125026835175444501
7125026835175444502
7125026835175444503
7125026835175444504
7125026835175444505
7125026835175444506
7125026835175444507
7125026835175444508
7125026835175444509
7125026835175444510
7125026835175444511
7125026835175444512
7125026835175444513
7125026835175444514
7125026835175444515
7125026835175444516
7125026835175444517
7125026835175444518
7125026835175444519
7125026835175444520
7125026835175444521
7125026835175444522
7125026835175444523
7125026835175444524
7125026835175444525
7125026835175444526
7125026835175444527
7125026835175444528
7125026835175444529
7125026835175444530
7125026835175444531
7125026835175444532
7125026835175444533
7125026835175444534
7125026835175444535
7125026835175444536
7125026835175444537
7125026835175444538
7125026835175444539
7125026835175444540
7125026835175444541
7125026835175444542
7125026835175444543
7125026835175444544
7125026835175444545
7125026835175444546
7125026835175444547
7125026835175444548
7125026835175444549
7125026835175444550
7125026835175444551
7125026835175444552
7125026835175444553
7125026835175444554
7125026835175444555
7125026835175444556
7125026835175444557
7125026835175444558
7125026835175444559
7125026835175444560
7125026835175444561
7125026835175444562
7125026835175444563
7125026835175444564
7125026835175444565
7125026835175444566
7125026835175444567
7125026835175444568
7125026835175444569
7125026835175444570
7125026835175444571
7125026835175444572
7125026835175444573
7125026835175444574
7125026835175444575
7125026835175444576
7125026835175444577
7125026835175444578
7125026835175444579
7125026835175444580
7125026835175444581
7125026835175444582
7125026835175444583
7125026835175444584
7125026835175444585
7125026835175444586
7125026835175444587
7125026835175444588
7125026835175444589
7125026835179638784
7125026835179638785
7125026835179638786
7125026835179638787
7125026835179638788
7125026835179638789
7125026835179638790
7125026835179638791
7125026835179638792
7125026835179638793
7125026835179638794
7125026835179638795
7125026835179638796
7125026835179638797
7125026835179638798
7125026835179638799
7125026835179638800
7125026835179638801
7125026835179638802
7125026835179638803
7125026835179638804
7125026835179638805
7125026835179638806
7125026835179638807
7125026835179638808
7125026835179638809
7125026835179638810
7125026835179638811
7125026835179638812
7125026835179638813
7125026835179638814
7125026835179638815
7125026835179638816
7125026835179638817
7125026835179638818
7125026835179638819
7125026835179638820
7125026835179638821
7125026835179638822
7125026835179638823
7125026835179638824
7125026835179638825
7125026835179638826
7125026835179638827
7125026835179638828
7125026835179638829
7125026835179638830
7125026835179638831
7125026835179638832
7125026835179638833
7125026835179638834
7125026835179638835
7125026835179638836
7125026835179638837
7125026835179638838
7125026835179638839
7125026835179638840
7125026835179638841
7125026835179638842
7125026835179638843
7125026835179638844
7125026835179638845
7125026835179638846
7125026835179638847
7125026835179638848
7125026835179638849
7125026835179638850
7125026835179638851
7125026835179638852
7125026835183833088
7125026835183833089
7125026835183833090
7125026835183833091
7125026835183833092
7125026835183833093
7125026835183833094
7125026835183833095
7125026835183833096
7125026835183833097
7125026835183833098
7125026835183833099
7125026835183833100
7125026835183833101
7125026835183833102
7125026835183833103
7125026835183833104
7125026835183833105
7125026835183833106
7125026835183833107
7125026835183833108
7125026835183833109
7125026835183833110
7125026835183833111
7125026835183833112
7125026835183833113
7125026835183833114
7125026835183833115
7125026835183833116
7125026835183833117
7125026835183833118
7125026835183833119
7125026835183833120
7125026835183833121
7125026835183833122
7125026835183833123
7125026835183833124
7125026835183833125
7125026835183833126
7125026835183833127
7125026835183833128
7125026835183833129
7125026835183833130
7125026835183833131
7125026835183833132
7125026835183833133
7125026835183833134
7125026835183833135
7125026835183833136
7125026835183833137
7125026835183833138
7125026835183833139
7125026835183833140
7125026835183833141
7125026835183833142
7125026835183833143
7125026835183833144
7125026835183833145
7125026835183833146
7125026835183833147
7125026835183833148
7125026835183833149
7125026835183833150
7125026835183833151
7125026835183833152
7125026835183833153
7125026835183833154
7125026835183833155
7125026835183833156
7125026835183833157
7125026835183833158
7125026835183833159
7125026835183833160
7125026835183833161
7125026835183833162
7125026835183833163
7125026835183833164
7125026835183833165
7125026835183833166
7125026835183833167
7125026835183833168
7125026835183833169
7125026835183833170
7125026835183833171
7125026835183833172
7125026835183833173
7125026835183833174
7125026835183833175
7125026835183833176
7125026835183833177
7125026835183833178
7125026835183833179
7125026835183833180
7125026835183833181
7125026835183833182
7125026835183833183
7125026835183833184
7125026835183833185
7125026835183833186
7125026835183833187
7125026835183833188
7125026835183833189
7125026835183833190
7125026835183833191
7125026835183833192
7125026835183833193
7125026835183833194
7125026835183833195
7125026835183833196
7125026835183833197
7125026835183833198
7125026835183833199
7125026835183833200